7.60e+0
2.60e+0
5.10e+0
1.10e+0
7.90e+0
-3.50e+0
8.50e-1
-1.90e+0
1.70e+0
6.40e+0
4.70e+0
5.60e+0
2.30e+0
1.20e+1
1.70e+0
5.70e+0
1.20e+1
6.70e+0
1.20e+1
1.10e+1
1.50e+1
1.80e+0
4.40e+0
1.00e+1
-7.50e+0
-1.30e+0
-5.10e-2
-2.30e+0
6.90e+0
1.60e+0
-5.80e-1
1.10e+1
-2.00e+0
2.50e+0
5.10e+0
1.30e+1
4.00e+0
5.70e+0
5.10e+0
1.00e+1
8.20e+0
8.30e+0
6.30e+0
6.70e+0
4.10e+0
-3.60e+0
9.30e+0
-3.90e+0
6.80e+0
6.10e+0
5.80e+0
6.40e+0
9.90e+0
3.10e+0
8.60e+0
9.80e+0
3.60e+0
5.10e+0
9.20e+0
1.50e+1
6.30e+0
3.60e+0
8.30e+0
7.00e+0
2.90e+0
5.30e+0
5.10e+0
1.30e+1
-5.70e-1
5.50e+0
2.30e+0
1.40e+1
-4.40e+0
5.30e+0
6.80e+0
1.00e+1
5.40e+0
1.00e+1
3.20e+0
1.50e+0
6.50e+0
1.50e+1
9.90e-1
5.40e+0
4.50e+0
2.30e+0
6.90e+0
3.00e+0
6.30e+0
2.60e+0
8.90e+0
-3.10e+0
2.40e+0
-1.90e+0
1.10e+0
6.40e+0
1.10e+1
8.20e+0
1.10e+1
4.70e+0
5.70e+0
6.80e+0
1.00e+1
1.30e+1
1.00e+1
1.50e+1
9.60e+0
2.10e+0
-4.40e+0
2.30e+0
4.30e+0
1.00e+0
6.50e-1
9.30e+0
-9.30e-1
5.20e+0
4.40e+0
1.00e+1
9.90e+0
3.10e+0
1.10e+1
9.60e+0
3.60e+0
4.60e+0
-1.80e+0
8.40e+0
8.40e+0
8.20e+0
6.90e+0
4.00e+0
2.00e+0
6.10e+0
1.60e+0
2.00e+0
1.40e+1
4.40e+0
2.20e+0
-2.60e+0
1.20e+0
3.90e+0
5.20e+0
7.40e+0
5.90e+0
6.40e-1
-1.30e+0
1.50e+1
1.30e+1
4.50e+0
7.90e+0
1.20e+1
9.60e-1
1.50e+0
1.10e+1
4.60e-1
-3.40e+0
5.80e+0
1.20e+1
1.40e+1
1.10e+1
-4.80e+0
-7.00e+0
9.30e+0
5.00e+0
3.80e+0
7.60e-1
6.80e+0
-3.70e+0
1.90e+0
9.10e+0
4.00e+0
-4.10e+0
1.40e+1
-2.70e+0
-2.50e+0
7.20e+0
1.60e+1
8.00e+0
4.00e+0
2.00e+0
1.50e+1
3.00e+0
1.00e+1
1.10e+1
3.40e+0
3.60e+0
9.70e+0
9.30e+0
9.50e+0
-3.50e+0
3.70e+0
6.30e+0
1.00e+0
-4.00e+0
3.60e+0
6.60e-4
5.50e+0
-3.70e+0
4.20e+0
2.80e+0
3.70e+0
5.00e+0
3.10e+0
4.40e+0
8.60e+0
7.60e+0
2.30e+0
1.30e+1
1.20e+1
-4.90e+0
5.90e+0
6.40e+0
6.30e+0
3.80e+0
8.10e+0
1.10e+1
-2.10e-1
8.30e-1
-3.00e+0
2.30e+0
-1.10e+0
3.20e+0
-2.50e+0
1.20e+1
6.20e+0
5.80e+0
1.10e+0
-4.40e+0
1.70e+0
-5.00e-1
1.10e+1
1.40e+1
6.20e+0
4.90e+0
7.60e+0
1.20e+1
5.00e-1
3.30e-1
9.10e+0
4.20e+0
3.70e-1
1.10e+1
-4.00e+0
2.00e+0
7.90e+0
1.00e+1
8.20e+0
6.10e+0
7.00e+0
4.90e+0
3.10e+0
1.20e+1
-4.00e+0
5.10e+0
1.10e+0
2.30e+0
3.20e+0
3.80e+0
1.20e+1
-1.60e+0
2.70e+0
9.10e+0
7.20e+0
9.50e+0
2.90e+0
-1.10e+0
1.20e+1
1.70e+0
1.60e+1
1.00e+1
1.30e+0
9.20e+0
5.80e+0
5.10e+0
9.40e+0
3.90e+0
5.10e-1
1.10e+0
-2.50e+0
1.30e+1
8.70e+0
1.40e+0
-4.70e+0
1.10e+1
4.30e+0
4.10e+0
1.20e+0
-1.00e+1
2.60e+0
6.50e+0
1.40e+0
-1.80e+0
6.10e+0
3.20e+0
2.10e+0
8.00e+0
3.10e-1
-2.00e+0
8.00e+0
7.80e+0
-8.80e-1
5.10e+0
1.40e+1
-2.50e+0
-3.40e+0
1.20e+1
5.40e+0
1.10e+1
3.50e+0
-4.50e+0
2.90e+0
-5.90e-1
5.20e+0
6.90e+0
3.20e+0
1.60e+1
5.70e+0
-4.50e+0
3.50e+0
1.40e+1
5.50e+0
6.00e+0
9.80e+0
3.30e+0
4.30e+0
2.80e-1
1.80e+0
5.90e+0
8.50e+0
1.20e+1
8.70e+0
8.20e+0
9.30e+0
5.10e+0
1.10e+1
1.70e+1
4.30e+0
4.50e+0
7.90e+0
3.30e+0
1.50e+1
6.90e+0
2.80e+0
6.80e-1
6.80e+0
1.40e+0
7.80e+0
6.80e+0
7.40e+0
8.70e+0
5.90e-1
8.80e+0
3.00e+0
7.80e+0
3.50e+0
-5.50e-1
7.50e-1
3.50e+0
1.10e+1
7.30e+0
3.10e+0
4.80e+0
7.00e+0
4.70e+0
2.00e+0
5.60e+0
5.30e+0
9.70e-2
6.10e+0
8.80e+0
7.40e+0
9.10e+0
7.10e-1
1.00e+1
-1.80e+0
7.80e+0
-5.20e+0
4.80e+0
9.60e+0
9.00e+0
8.70e+0
8.70e+0
-8.50e+0
2.10e+0
9.10e+0
-5.10e+0
5.90e+0
3.50e+0
2.10e+0
-2.90e+0
9.00e+0
6.30e+0
8.10e+0
5.40e+0
4.10e+0
8.40e+0
2.20e+0
-9.90e-1
7.10e+0
3.40e+0
1.40e+1
1.70e+0
1.70e+0
6.20e+0
3.10e+0
-1.40e+0
2.70e+0
9.30e+0
1.20e+1
-2.70e+0
-1.70e-1
1.70e+1
8.00e+0
1.10e+1
1.60e+1
7.40e+0
3.30e+0
8.20e+0
1.20e+0
1.60e+0
3.30e+0
3.80e+0
2.70e+0
5.10e+0
1.30e+1
6.10e+0
3.30e+0
4.60e+0
1.30e+0
1.20e+1
4.60e+0
7.20e+0
1.00e+1
3.80e+0
-2.00e+0
5.20e+0
3.30e+0
1.40e+1
8.30e+0
-4.80e-1
-3.90e-1
8.90e+0
4.30e+0
6.20e+0
5.80e+0
7.30e+0
-3.60e+0
-3.70e+0
1.40e+1
-5.70e-1
1.30e+1
6.70e+0
5.30e+0
4.00e+0
2.30e+0
3.30e+0
1.20e+1
6.60e-1
2.50e+0
7.80e+0
-7.20e-1
7.40e+0
-3.70e+0
2.90e-1
1.60e+1
4.50e+0
7.10e+0
-1.60e+0
1.70e+0
5.70e+0
1.70e+0
3.70e+0
9.40e+0
1.20e+0
1.10e+1
3.00e+0
1.20e+1
1.00e+1
-6.00e+0
-1.20e+0
6.40e+0
7.60e+0
9.00e+0
1.80e+0
2.20e+0
1.90e+0
1.20e+1
-5.00e+0
-8.30e-1
-1.60e+0
1.00e+1
-5.30e+0
1.10e+1
4.00e+0
7.30e+0
2.90e+0
8.50e+0
8.40e+0
5.20e+0
8.40e+0
1.90e+0
3.80e+0
2.80e+0
7.50e+0
6.80e+0
1.30e+1
3.40e+0
6.60e-4
4.50e+0
-2.20e+0
1.50e+1
4.80e+0
5.70e+0
1.10e+1
-7.60e-1
8.60e+0
1.10e+1
3.60e+0
6.50e+0
-1.50e+0
1.10e+1
3.30e+0
8.30e+0
1.00e+0
4.40e+0
2.30e+0
2.40e+0
4.70e+0
-7.60e-1
1.10e+1
5.20e-1
1.20e+1
-1.60e-1
1.40e+1
1.20e+1
8.40e+0
1.50e+0
9.80e+0
3.10e+0
7.10e+0
4.50e+0
5.40e+0
9.50e+0
-7.80e-1
9.40e+0
8.70e+0
4.10e+0
7.00e+0
1.40e+0
9.50e+0
1.00e+1
1.10e+1
8.50e+0
5.20e-1
2.70e+0
9.90e+0
9.80e-1
3.70e+0
4.00e+0
9.50e+0
3.80e+0
8.20e+0
1.50e+1
9.40e+0
2.60e+0
1.00e+0
-3.90e+0
8.80e+0
1.40e+1
-5.80e-1
1.10e+1
1.10e+1
1.00e+1
1.00e+0
6.40e+0
2.10e+0
8.10e-1
1.10e+0
1.10e+1
8.10e+0
8.30e-1
6.60e+0
6.30e+0
3.70e+0
6.40e+0
1.10e+0
5.40e+0
-3.30e-1
-2.50e-1
-3.60e+0
8.10e+0
4.10e+0
5.80e+0
9.90e+0
3.70e+0
4.70e+0
2.60e+0
1.50e+1
8.80e+0
3.50e+0
6.20e+0
6.60e+0
-2.60e+0
4.50e+0
9.60e+0
1.10e+0
5.40e+0
-3.30e-1
-2.50e-1
-3.60e+0
8.10e+0
4.10e+0
5.80e+0
9.90e+0
3.70e+0
4.70e+0
2.60e+0
1.50e+1
8.80e+0
3.50e+0
6.20e+0
6.60e+0
-2.60e+0
4.50e+0
9.60e+0
3.90e+0
-1.30e+0
4.20e-1
6.60e+0
1.50e+1
6.30e+0
1.70e+0
1.60e+1
4.70e+0
-2.10e+0
-1.90e+0
-2.70e+0
6.70e+0
5.20e+0
1.20e+1
8.90e+0
-1.20e+0
7.20e+0
1.40e+1
2.10e+0
8.10e+0
-4.60e-1
4.10e+0
6.50e+0
7.20e+0
8.50e+0
1.70e-2
3.60e+0
7.40e+0
-9.60e-1
1.50e+0
-1.60e+0
4.00e+0
1.40e+1
-6.80e-1
4.80e+0
-1.70e+0
5.20e+0
2.10e-1
1.00e+1
1.40e+1
7.90e+0
9.00e+0
3.40e+0
1.10e+1
7.00e-1
3.90e-2
4.20e+0
8.40e+0
9.60e+0
-1.40e+0
7.80e+0
7.80e+0
7.60e+0
8.10e+0
6.20e+0
1.10e+1
3.80e+0
6.50e+0
2.60e+0
3.30e+0
8.80e+0
9.40e+0
2.60e+0
4.60e+0
1.50e+1
9.60e+0
3.20e+0
4.50e+0
-5.30e+0
1.60e-1
1.30e+0
1.30e+1
9.20e+0
7.30e+0
9.70e+0
-3.00e-1
6.50e+0
5.30e+0
8.70e+0
5.60e+0
-2.70e+0
9.90e+0
-9.40e+0
5.40e+0
3.00e+0
-3.00e+0
4.80e+0
1.40e+1
2.00e+0
1.00e+1
3.30e+0
-4.10e-1
4.50e+0
7.50e+0
3.20e+0
1.50e+1
1.70e+0
1.10e+0
4.60e+0
-4.60e-1
6.60e+0
9.10e+0
-1.40e+0
3.50e+0
6.00e+0
1.00e+1
7.10e+0
5.10e+0
8.80e+0
2.20e+0
6.60e+0
7.80e+0
2.00e+0
7.70e-2
8.30e+0
7.50e+0
3.40e+0
1.50e+0
1.20e+1
1.20e+1
1.20e+1
5.40e+0
-2.50e-1
-7.00e+0
7.40e-1
5.80e+0
6.20e+0
1.50e+1
8.90e+0
-2.20e-1
2.80e+0
7.20e+0
4.80e-1
1.10e+1
1.30e+1
-1.10e+0
-1.80e+0
3.30e+0
6.10e+0
4.00e+0
-1.00e+0
-3.90e+0
1.10e+1
9.10e+0
-4.70e-1
5.60e+0
9.00e+0
-5.70e-2
-3.40e+0
4.50e+0
2.20e+0
-5.10e+0
-6.30e+0
1.20e+1
4.20e+0
-5.10e-2
-2.30e+0
1.00e+1
7.50e+0
1.10e+1
6.10e+0
1.40e+0
6.60e+0
1.60e+0
1.30e+0
1.20e+1
1.10e+1
-6.00e+0
-1.40e+0
1.80e+1
9.30e+0
-3.50e+0
1.20e+1
4.70e+0
-9.20e-1
4.20e+0
1.80e+0
-3.40e+0
6.90e+0
-9.30e+0
-9.70e-2
1.30e+1
5.50e+0
8.70e+0
1.10e+1
1.50e+1
1.70e+0
1.20e+1
5.90e+0
9.90e+0
6.60e+0
1.60e+0
9.30e+0
6.30e+0
6.40e+0
1.60e+1
1.30e+1
9.00e+0
-2.10e+0
5.60e+0
5.10e-1
8.10e+0
7.90e+0
3.10e+0
1.30e+1
3.50e+0
1.10e+1
7.00e+0
5.90e+0
3.80e+0
5.70e+0
3.70e+0
-2.30e+0
9.40e+0
1.00e+1
6.60e-1
2.80e+0
1.40e+1
2.70e+0
3.70e+0
-6.50e+0
1.30e+0
3.40e+0
6.60e+0
5.10e+0
9.20e+0
-3.60e+0
6.00e+0
4.00e+0
9.30e+0
1.80e+1
5.20e+0
7.40e+0
1.10e+1
1.70e+0
9.20e+0
6.50e-1
8.10e+0
6.20e+0
-5.40e+0
3.40e+0
2.30e+0
5.60e-1
3.60e+0
5.00e+0
1.00e+1
9.30e-1
5.70e+0
5.20e+0
6.20e+0
5.80e+0
3.50e+0
4.10e+0
2.40e-1
1.10e+1
9.30e+0
3.00e+0
1.20e+1
9.60e+0
-7.90e+0
-5.10e-1
1.70e+0
-2.30e+0
4.60e+0
-3.90e+0
1.30e+1
-2.20e+0
7.10e-1
1.30e+0
5.90e+0
-1.30e+0
-2.80e+0
-1.80e+0
-4.10e-1
1.70e+1
1.10e+1
3.10e+0
6.50e+0
-5.90e+0
1.60e-1
7.10e+0
6.30e-2
4.80e+0
-5.10e+0
1.30e+1
1.60e+0
6.70e+0
9.80e+0
1.00e-2
5.00e+0
6.20e+0
7.90e+0
1.10e+0
8.10e-1
6.20e+0
3.80e+0
-5.70e+0
2.40e+0
1.40e+1
1.10e+1
2.60e+0
3.80e+0
-4.40e-2
5.20e+0
-7.70e+0
4.70e+0
-6.70e-1
1.30e+1
7.50e+0
1.30e+1
-5.20e+0
7.30e+0
-3.60e+0
5.50e+0
3.50e+0
6.90e+0
-1.80e+0
1.80e+0
1.00e+1
6.40e+0
4.60e+0
1.30e+0
2.80e-1
3.90e+0
-1.40e+0
1.00e+1
3.30e+0
1.80e+0
1.80e+0
7.10e+0
-2.80e+0
1.00e+1
3.80e-1
1.30e+0
2.50e+0
1.30e+1
1.40e+0
1.80e+0
1.00e+0
1.20e+1
1.10e+1
6.40e+0
4.90e+0
5.90e+0
6.30e+0
3.30e+0
-6.70e-1
4.90e+0
7.60e+0
1.30e+1
2.90e+0
-4.00e+0
5.30e+0
2.70e+0
3.80e+0
-1.60e+0
7.30e+0
1.00e+1
6.80e+0
-2.50e+0
1.10e+1
2.30e+0
6.00e+0
-1.00e-1
5.20e+0
7.60e+0
6.00e+0
1.00e+1
5.30e+0
7.90e+0
5.40e+0
5.80e+0
-7.10e-1
3.90e+0
7.40e+0
-6.70e-1
1.20e+1
7.60e+0
4.30e+0
4.80e+0
8.90e+0
6.80e+0
1.40e+1
4.80e+0
-9.70e-2
5.70e-1
5.40e+0
3.90e+0
8.60e+0
-4.30e+0
5.30e+0
6.70e+0
4.50e+0
4.10e+0
7.50e+0
